  
SEMREL PROSODY ANALYSES RUN ON: Mar. 05, 2015 at 15:34:29
  
  [1] 101 101 101 101 101 101 101 101 101 101 101 101 101 101 101 101 101 101 101 101 101 101 113 113 113 113 113 113 113 113 113 113 113 113 113 113 113 113 113 113 113
 [42] 113 113 135 135 135 135 135 135 135 135 135 135 135 135 135 135 135 135 135 135 135 135 135 135 144 144 144 144 144 144 144 144 144 144 144 144 144 144 144 144 144
 [83] 144 144 144 144 144 144 148 148 148 148 148 148 148 148 148 148 148 148 148 148 148 148 148 148 148 148 148 151 151 151 151 151 151 151 151 151 151 151 151 151 151
[124] 151 151 151 151 151 151 151 151 155 155 155 155 155 155 155 155 155 155 155 155 155 155 155 155 155 155 155 155 155 161 161 161 161 161 161 161 161 161 161 161 161
[165] 161 161 161 161 161 161 161 161 161 161 162 162 162 162 162 162 162 162 162 162 162 162 162 162 162 162 162 162 162 162 170 170 170 170 170 170 170 170 170 170 170
[206] 170 170 170 170 170 170 170 170 170 170 170 170 176 176 176 176 176 176 176 176 176 176 176 176 176 176 176 176 176 176 176 176 178 178 178 178 178 178 178 178 178
[247] 178 178 178 178 178 178 178 178 178 178 178 182 182 182 182 182 182 182 182 182 182 182 182 182 182 182 182 182 182 182 185 185 185 185 185 185 185 185 185 185 185
[288] 185 185 185 185 185 185 185 185 185 185 185 206 206 206 206 206 206 206 206 206 206 206 206 206 206 206 206 206 206 206 206 206 206 21  21  21  21  21  21  21  21 
[329] 21  21  21  21  21  21  21  21  21  21  21  21  21  21  21  213 213 213 213 213 213 213 213 213 213 213 213 213 213 213 213 213 213 213 213 213 214 214 214 214 214
[370] 214 214 214 214 214 214 214 214 214 214 214 214 214 214 214 214 214 215 215 215 215 215 215 215 215 215 215 215 215 215 215 215 215 215 215 215 215 222 222 222 222
[411] 222 222 222 222 222 222 222 222 222 222 222 222 222 222 222 222 222 222 229 229 229 229 229 229 229 229 229 229 229 229 229 229 229 229 229 229 229 229 229 229 232
[452] 232 232 232 232 232 232 232 232 232 232 232 232 232 232 232 232 232 232 232 232 232 232 233 233 233 233 233 233 233 233 233 233 233 233 233 233 233 233 233 233 233
[493] 36  36  36  36  36  36  36  36  36  36  36  36  36  36  36  36  36  36  36  36  36  36  44  44  44  44  44  44  44  44  44  44  44  44  44  44  44  44  44  44  44 
[534] 44  44  44  44  56  56  56  56  56  56  56  56  56  56  56  56  56  56  56  56  56  56  56  56  56  56  56  59  59  59  59  59  59  59  59  59  59  59  59  59  59 
[575] 59  59  59  59  59  59  59  59  63  63  63  63  63  63  63  63  63  63  63  63  63  63  63  63  63  63  63  63  63  63  63  66  66  66  66  66  66  66  66  66  66 
[616] 66  66  66  66  66  66  66  66  66  66  66  66  66  66  75  75  75  75  75  75  75  75  75  75  75  75  75  75  75  75  75  75  75  75  75  8   8   8   8   8   8  
[657] 8   8   8   8   8   8   8   8   8   8   8   8   8   8   8   8   8   8   91  91  91  91  91  91  91  91  91  91  91  91  91  91  91  91  91  91  91  91  91  91  91 
[698] 91 
Levels: 8 21 36 44 56 59 63 66 75 91 101 113 135 144 148 151 155 161 162 170 176 178 182 185 206 213 214 215 222 229 232 233
  [1] 1  10 11 12 13 14 15 16 17 18 19 2  20 21 22 23 24 5  6  7  8  9  1  10 12 13 14 15 16 17 18 19 2  20 21 23 24 3  4  5  6  8  9  1  10 12 13 14 15 16 17 18 19 2 
 [55] 20 21 23 24 3  4  5  6  7  8  9  1  10 12 13 14 15 16 17 18 19 2  20 21 22 23 24 3  4  5  6  7  8  9  1  10 12 13 15 16 17 18 19 2  20 22 23 24 3  4  5  6  7  8 
[109] 9  1  11 12 13 14 15 16 17 18 19 2  20 21 22 23 24 3  5  6  7  8  9  1  10 11 12 13 14 15 16 17 18 19 2  20 24 3  4  5  6  7  8  9  1  10 11 12 13 14 15 16 17 19
[163] 2  20 21 23 24 3  4  5  6  7  8  9  11 12 13 14 15 16 17 18 19 2  20 21 23 24 3  4  5  6  7  8  1  10 11 12 13 15 16 17 18 19 2  20 21 22 23 24 3  4  5  6  7  8 
[217] 9  1  10 11 12 13 15 16 18 19 2  20 22 23 24 3  4  5  6  7  8  1  10 11 12 15 16 17 18 19 2  20 22 23 24 3  5  6  7  8  9  1  10 11 13 15 16 18 19 2  20 21 22 24
[271] 3  5  6  7  8  9  1  10 11 12 13 14 15 16 17 19 2  20 21 22 23 24 3  4  5  6  8  9  1  10 11 12 13 14 15 16 17 18 19 2  20 21 22 23 3  4  5  6  7  8  1  10 11 12
[325] 13 14 15 16 17 18 19 2  20 21 22 24 3  4  5  6  7  8  9  10 11 12 13 14 15 16 17 18 19 2  20 22 23 24 3  4  5  6  8  9  1  10 11 12 13 15 16 17 18 19 2  20 21 22
[379] 24 3  4  5  6  7  8  9  1  10 11 12 15 16 17 18 19 2  20 21 22 23 24 3  5  6  7  8  1  10 11 12 13 14 15 16 17 18 19 2  20 21 22 23 24 3  4  5  6  9  1  10 11 13
[433] 15 16 17 18 19 2  20 21 22 23 24 3  4  5  6  7  8  9  1  10 11 12 13 14 15 16 17 18 19 2  20 21 23 24 3  4  5  6  7  8  9  10 11 12 13 14 17 18 19 2  20 21 22 23
[487] 24 3  4  6  8  9  1  10 11 13 14 15 16 17 18 2  20 21 22 23 24 3  4  5  6  7  8  9  1  10 11 12 13 14 15 16 17 18 19 2  20 22 23 24 3  4  5  6  7  8  9  1  10 11
[541] 12 13 14 15 16 17 18 19 2  20 21 22 23 24 3  4  5  6  8  9  1  10 11 12 13 14 15 16 17 18 19 2  20 21 22 23 24 4  5  6  7  8  1  10 11 12 13 14 15 17 18 19 2  20
[595] 21 22 23 24 3  4  5  6  7  8  9  1  10 11 12 13 14 15 16 17 18 19 2  20 21 22 23 24 3  4  5  6  7  8  9  1  11 12 13 14 15 16 17 18 19 2  21 22 23 24 3  4  5  6 
[649] 7  8  1  10 11 12 13 14 15 16 17 18 19 2  20 21 22 23 24 3  4  5  6  7  8  9  1  10 11 12 13 14 15 16 17 18 19 2  20 21 22 23 24 3  4  5  6  7  8  9 
Levels: 1 2 3 4 5 6 7 8 9 10 11 12 13 14 15 16 17 18 19 20 21 22 23 24
- - - - - - - - - - - - - - - - - - - - - - - - - - - - - - - - - - - - - - - - 
SUBSET D1
- - - - - - - - - - - - - - - - - - - - - - - - - - - - - - - - - - - - - - - - 
Linear mixed model fit by maximum likelihood  
t-tests use  Satterthwaite approximations to degrees of freedom ['merModLmerTest']
Formula: seconds ~ len.char + len.phon + len.syll + relat + integ + assoc +      plaus + (1 | subject) + (1 | item)
   Data: d

     AIC      BIC   logLik deviance df.resid 
 -3104.5  -3068.1   1560.2  -3120.5      690 

Scaled residuals: 
    Min      1Q  Median      3Q     Max 
-2.6308 -0.5754 -0.1268  0.5043 10.0237 

Random effects:
 Groups   Name        Variance  Std.Dev.
 subject  (Intercept) 9.244e-05 0.009615
 item     (Intercept) 2.364e-04 0.015374
 Residual             5.736e-04 0.023949
Number of obs: 698, groups:  subject, 32; item, 24

Fixed effects:
              Estimate Std. Error         df t value Pr(>|t|)    
(Intercept)  8.922e-02  3.722e-03  3.630e+01  23.972   <2e-16 ***
relat        2.308e-03  1.760e-03  6.676e+02   1.311   0.1902    
integ       -8.244e-04  1.714e-03  6.625e+02  -0.481   0.6306    
assoc       -7.681e-03  4.219e-03  6.846e+02  -1.821   0.0691 .  
plaus       -3.981e-04  1.365e-03  6.753e+02  -0.292   0.7706    
---
Signif. codes:  0 ‘***’ 0.001 ‘**’ 0.01 ‘*’ 0.05 ‘.’ 0.1 ‘ ’ 1

Correlation of Fixed Effects:
      (Intr) relat  integ  assoc 
relat  0.035                     
integ  0.009 -0.697              
assoc -0.144 -0.252 -0.050       
plaus -0.001 -0.115 -0.309 -0.006
